######       FINAL SOLUTION      #######
individual: [ -82.86623973 -169.09415008    1.12696231  117.63436529 -172.6884355
   -0.39470761  -18.53274462 -207.7958128    -1.36517178]
fitness: 427.3794555
gen: 1

